1800FFFFF 06 0 005008000300 00
2131FFFFF 06 0 005008000300 00
22073000F 04 0 905000000300 41
2221FFFFF 04 0 805000000300 21
2222FFFFF 04 0 805000000300 21
2223FFFFF 04 0 805000000300 21
2224FFFFF 04 0 805000000300 21
2225FFFFF 04 0 805000000300 21
2226FFFFF 04 0 805000000300 21
222721FFF 04 0 805000000300 00
2227FFFFF 04 0 805000000300 21
222850FFF 04 0 905000000300 21
222851FFF 04 0 905000000300 21
222886FFF 04 0 805000000300 41
2228FFFFF 04 0 805000000300 21
2229FFFFF 04 0 805000000300 21
223FFFFFF 04 0 805000000300 21
224FFFFFF 04 0 805000000300 21
225FFFFFF 04 0 805000000300 21
226FFFFFF 04 0 805000000300 21
227FFFFFF 04 0 805000000300 21
228FFFFFF 04 0 805000000300 21
229FFFFFF 04 0 805000000300 21
23FFFFFFF 04 0 805000000300 21
24FFFFFFF 04 0 805000000300 21
25FFFFFFF 04 0 805000000300 21
26FFFFFFF 04 0 805000000300 21
270FFFFFF 04 0 805000000300 21
271FFFFFF 04 0 805000000300 21
2720FFFFF 04 0 805000000300 21
300FFFFFF 02 0 005008000300 21
301FFFFFF 02 0 005008000300 21
302FFFFFF 02 0 005008000300 21
303FFFFFF 02 0 005008000300 21
304FFFFFF 02 0 005008000300 21
305FFFFFF 02 0 005008000300 21
308FFFFFF 06 0 805000000300 21
3095FFFFF 02 0 005008000300 21
309FFFFFF 06 0 805000000300 21
31FFFFFFF 06 0 805000000300 21
33FFFFFFF 06 0 805000000300 21
34FFFFFFF 01 0 805000000300 21
357509FFF 00 0 005000000300 00
35FFFFFFF 06 0 805000000300 21
36FFFFFFF 02 0 805000000300 21
375414FFF 01 0 805000000300 00
375415FFF 01 0 805000000300 00
375416FFF 01 0 805000000300 00
377765FFF 01 0 805000000300 00
377766FFF 01 0 805000000300 00
377767FFF 01 0 805000000300 00
377838FFF 12 0 805008000300 00
377850FFF 01 0 805000000300 00
377851FFF 01 0 805000000300 00
377852FFF 01 0 805000000300 00
377876FFF 01 0 805000000300 00
377877FFF 01 0 805000000300 00
377878FFF 01 0 805000000300 00
377879FFF 01 0 805000000300 00
379226FFF 01 0 805000000300 00
379227FFF 01 0 805000000300 00
379228FFF 01 0 805000000300 00
379229FFF 01 0 805000000300 00
3799FFFFF 01 0 805000000300 41
37FFFFFFF 01 0 805000000300 21
38FFFFFFF 02 0 005008000300 21
39FFFFFFF 02 0 005008000300 21
400269FFF 05 0 805000000300 41
400360FFF 19 0 805000000300 31
400549FFF 05 0 905000000300 41
400557FFF 05 0 905000000300 41
400609FFF 05 3 805000000300 21
40067700F 05 0 905000000300 21
400677FFF 05 0 905000000300 21
401588FFF 05 0 805000000300 21
401795FFF 05 3 905000000300 21
402608FFF 05 3 905000000300 21
402747FFF 05 0 805000000300 41
402979FFF 05 3 905000000300 21
402980FFF 05 0 805000000300 00
402981FFF 05 0 805000000300 41
40299300F 05 3 905000000300 21
402993FFF 05 3 905000000300 21
403507FFF 05 0 805000000300 41
404137FFF 05 3 905000000300 21
404340FFF 05 3 905000000300 21
404341FFF 05 0 905000000300 21
404342FFF 05 3 905000000300 21
404343FFF 05 3 905000000300 00
404772FFF 05 3 805000000300 21
40488700F 05 3 905000000300 21
404887FFF 05 3 905000000300 21
404940FFF 05 3 905000000300 21
405221FFF 05 3 805000000300 21
405497FFF 05 3 905000000300 21
405498FFF 05 3 805000000300 21
405512FFF 19 0 805000000300 31
406273FFF 05 3 905000000300 21
406471FFF 05 0 805000000300 41
406472FFF 05 0 805000000300 41
406587FFF 05 3 805000000300 21
407220FFF 05 3 905000000300 21
407264FFF 05 3 805000000300 21
407381FFF 05 0 805000000300 41
408177FFF 05 0 805000000300 11
408967FFF 05 3 805000000300 21
409341FFF 05 0 805000000300 21
40934986F 05 0 805000000300 21
409349FFF 05 0 805000000300 21
409582FFF 05 0 905000000300 21
409669FFF 19 0 805000000300 00
409702FFF 05 0 905000000300 21
409771FFF 05 3 905000000300 21
409772FFF 05 0 805000000300 41
409773FFF 05 0 805000000300 41
409774FFF 05 3 805000000300 21
410212FFF 05 0 805000000300 41
410975FFF 05 0 805000000300 00
411149FFF 05 0 805000000300 41
411150FFF 05 0 805000000300 41
412978FFF 05 3 905000000300 21
413300FFF 05 1 801000000300 00
413301FFF 05 3 805000000300 00
413302FFF 05 3 905000000300 21
413303FFF 05 3 905000000300 21
413304FFF 05 0 805000000300 00
413305FFF 05 3 805000000300 00
413306FFF 05 3 905000000300 21
413307FFF 05 3 905000000300 21
413308FFF 00 0 005000000300 00
413309FFF 05 3 905000000300 21
413312FFF 05 3 905000000300 21
413313FFF 05 3 005000000300 00
413316FFF 05 3 805000000300 00
413321FFF 05 0 905000000300 21
413322FFF 05 0 905000000300 21
413323FFF 05 3 905000000300 21
413324FFF 05 3 905000000300 21
413325FFF 05 3 905000000300 21
413326FFF 05 3 905000000300 21
413327FFF 00 0 005000000300 00
413328FFF 05 3 905000000300 21
413329FFF 05 3 905000000300 21
413330FFF 05 3 905000000300 21
413331FFF 00 0 005000000300 00
413332FFF 05 3 905000000300 21
413333FFF 05 3 905000000300 21
413334FFF 05 3 905000000300 21
413335FFF 05 3 905000000300 21
413337FFF 05 3 905000000300 21
413338FFF 05 3 005000000300 00
413339FFF 05 3 905000000300 21
413340FFF 05 0 805000000300 21
413542FFF 05 3 805000000300 21
414146FFF 05 3 805000000300 21
414726FFF 05 0 805000000300 21
415436FFF 05 3 905000000300 21
415700FFF 05 3 805000000300 21
416238FFF 05 0 805000000300 21
416239FFF 05 0 805000000300 21
418242FFF 00 0 005000000300 00
418243FFF 05 3 905000000300 21
418244FFF 05 3 005000000300 00
418246FFF 05 3 805000000300 00
418248FFF 05 0 805000000300 00
418249FFF 05 0 805000000300 00
418250FFF 05 0 805000000300 00
418252FFF 05 0 805000000300 00
418253FFF 05 0 805000000300 00
419738FFF 05 0 805000000300 41
419973FFF 05 0 805000000300 41
420074FFF 05 0 805000000300 41
420127FFF 05 0 905000000300 41
420274FFF 05 0 805000000300 21
421529FFF 05 0 805000000300 41
421604FFF 05 0 905000000300 41
421645FFF 05 0 805000000300 41
421646FFF 05 0 805000000300 41
421699FFF 05 0 805000000300 41
423255FFF 05 0 805000000300 41
423953FFF 05 3 805000000300 21
423954FFF 05 3 805000000300 21
424934FFF 05 0 805000000300 41
425135FFF 05 3 805000000300 21
42601118F 05 3 805000000300 21
426011FFF 05 3 805000000300 21
426032FFF 00 0 005000000300 00
426033FFF 05 1 801000000300 00
426035FFF 05 3 905000000300 00
426529FFF 05 3 805000000300 21
426530FFF 05 3 805000000300 21
426534FFF 05 0 805000000300 21
42673500F 05 0 805000000300 21
428300FFF 05 1 801000000300 10
428313FFF 05 0 005000000300 31
428314FFF 05 0 805000000300 41
428315FFF 05 0 805000000300 41
428316FFF 05 0 805000000300 41
428317FFF 05 0 805000000300 41
428318FFF 05 0 805000000300 41
428342FFF 05 0 805000000300 41
428488FFF 05 0 805000000300 41
429317FFF 05 3 905000000300 21
429318FFF 05 3 905000000300 21
429321FFF 05 3 805000000300 21
429761FFF 05 3 905000000300 21
42976218F 05 3 905000000300 21
429762FFF 05 0 805000000300 21
429763FFF 05 0 805000000300 00
430330FFF 05 3 905000000300 21
431217FFF 05 0 005000000300 00
431218FFF 05 0 005000000300 00
431219FFF 05 0 005000000300 00
431239FFF 05 3 805000000300 00
431240FFF 05 3 805000000300 00
432387FFF 05 0 805000000300 21
432465FFF 05 0 805000000300 41
433580FFF 05 3 805000000300 00
433581FFF 05 3 805000000300 00
433582FFF 05 3 805000000300 00
433583FFF 05 3 805000000300 00
433615FFF 05 3 805000000300 00
433616FFF 05 3 805000000300 21
433617FFF 05 3 805000000300 21
433687FFF 05 3 905000000300 21
433696FFF 05 3 805000000300 21
433770FFF 05 3 805000000300 21
434400FFF 05 0 805000000300 21
434401FFF 05 0 805000000300 21
434402FFF 05 3 905000000300 21
434968FFF 05 3 805000000300 21
435210FFF 05 0 805000000300 00
435211FFF 05 0 805000000300 21
435212FFF 05 0 805000000300 21
435213FFF 05 0 805000000300 00
435214FFF 05 0 805000000300 00
435215FFF 05 0 805000000300 00
435216FFF 05 0 805000000300 21
435217FFF 05 0 805000000300 00
435218FFF 05 0 805000000300 00
435219FFF 05 0 805000000300 21
43521FFFF 05 0 805000000300 21
435358FFF 05 0 805000000300 41
436332FFF 05 0 805000000300 41
436356FFF 05 0 805000000300 41
436357FFF 05 0 805000000300 41
436358FFF 05 3 905000000300 21
436380FFF 05 0 805000000300 00
436383FFF 05 0 805000000300 00
436384FFF 05 0 805000000300 00
436392FFF 05 0 805000000300 30
436531FFF 05 3 905000000300 21
436551FFF 05 0 805000000300 41
436559FFF 05 0 805000000300 41
436742FFF 19 0 805000000300 31
437381FFF 05 3 905000000300 21
437730FFF 05 0 805000000300 21
437731FFF 05 0 805000000300 21
437732FFF 05 0 905000000300 21
437746FFF 05 0 805000000300 41
437747FFF 05 0 805000000300 41
437758FFF 05 0 805000000300 00
437769FFF 05 0 805000000300 41
438588FFF 19 0 805000000300 31
438875FFF 05 3 805000000300 41
439239FFF 05 3 905000000300 21
439240FFF 05 3 905000000300 21
439241FFF 05 3 905000000300 21
439242FFF 05 3 905000000300 21
44070300F 05 0 805000000300 21
44081505F 05 0 805000000300 21
440815FFF 05 0 805000000300 21
44081600F 05 0 805000000300 21
440816FFF 05 0 805000000300 21
442412FFF 05 0 805000000300 41
442418FFF 05 0 805000000300 41
442645FFF 05 0 805000000300 21
443084FFF 05 3 805000000300 21
443401FFF 05 3 805000000300 21
443402FFF 05 3 905000000300 21
443403FFF 05 3 905000000300 00
44340400F 05 0 805000000300 21
443404FFF 05 3 905000000300 00
443405FFF 05 3 905000000300 21
443406FFF 05 0 805000000300 21
443407FFF 00 0 005000000300 00
443408FFF 05 3 805000000300 21
443409FFF 05 3 905000000300 00
44340FFFF 05 3 805000000300 21
443410FFF 05 3 905000000300 21
443414FFF 05 3 905000000300 21
443419FFF 05 3 905000000300 00
44341FFFF 05 3 805000000300 21
443420FFF 05 3 905000000300 21
443422FFF 05 0 805000000300 00
443423FFF 00 0 005000000300 00
443424FFF 00 0 005000000300 00
443425FFF 05 3 905000000300 21
443426FFF 05 3 905000000300 00
44342800F 05 3 905000000300 21
443428FFF 05 3 905000000300 21
443429FFF 05 3 005000000300 00
44342FFFF 05 3 805000000300 21
443430FFF 05 0 805000000300 00
443430FFF 05 3 905000000300 21
443431FFF 05 3 805000000300 21
443432FFF 05 3 805000000300 21
443433FFF 05 3 005000000300 00
443434FFF 05 3 805000000300 00
443436FFF 05 3 905000000300 21
44343700F 05 3 905000000300 21
44343703F 05 3 905000000300 21
443437FFF 05 3 805000000300 21
443438FFF 05 3 905000000300 21
443439FFF 05 3 005000000300 00
443440FFF 05 3 005000000300 00
443441FFF 05 3 905000000300 21
443442FFF 05 0 905000000300 21
443443FFF 05 3 905000000300 00
443444FFF 00 0 005000000300 00
443445FFF 05 3 905000000300 21
443446FFF 05 3 905000000300 21
443447FFF 05 3 905000000300 21
443448FFF 05 3 905000000300 21
443449FFF 05 3 905000000300 21
44344FFFF 05 3 805000000300 21
443450FFF 05 3 905000000300 21
443451FFF 05 3 905000000300 21
443452FFF 05 3 905000000300 21
443453FFF 05 3 905000000300 21
443455FFF 05 3 805000000300 21
44345600F 05 0 805000000300 21
443456FFF 05 3 805000000300 00
443458FFF 05 3 905000000300 21
443459FFF 05 3 805000000300 00
443460FFF 05 3 905000000300 21
443461FFF 05 3 805000000300 21
443462FFF 05 3 805000000300 00
443463FFF 05 3 905000000300 21
443464FFF 05 3 805000000300 00
443465FFF 05 3 805000000300 00
443466FFF 00 0 005000000300 00
443467FFF 05 3 905000000300 21
443468FFF 00 0 005000000300 00
443469FFF 05 3 905000000300 21
443470FFF 00 0 005000000300 00
443471FFF 05 3 805000000300 00
44347200F 05 0 805000000300 21
443472FFF 05 3 005000000300 00
443473FFF 05 3 905000000300 00
443474FFF 05 3 805000000300 21
443475FFF 05 3 905000000300 21
443476FFF 05 3 905000000300 21
443477FFF 05 3 905000000300 21
443478FFF 05 3 805000000300 21
443479FFF 05 3 905000000300 00
443480FFF 05 3 805000000300 21
443481FFF 05 3 905000000300 21
443482FFF 05 3 805000000300 21
443483FFF 05 3 805000000300 00
443485FFF 05 3 805000000300 21
443486FFF 05 3 805000000300 21
443487FFF 05 3 905000000300 00
443488FFF 05 3 805000000300 21
443489FFF 05 3 805000000300 21
44348FFFF 05 3 805000000300 21
443491FFF 05 3 805000000300 00
443492FFF 05 3 805000000300 00
443493FFF 05 3 905000000300 00
443494FFF 05 3 805000000300 00
443495FFF 05 3 905000000300 21
443496FFF 05 3 805000000300 21
443497FFF 05 3 905000000300 00
443499FFF 05 3 905000000300 21
44349FFFF 05 3 805000000300 21
44500900F 05 0 805000000300 21
445009FFF 05 3 005000000300 00
445010FFF 05 3 905000000300 21
445011FFF 05 3 805000000300 00
445012FFF 05 3 805000000300 21
445013FFF 05 3 805000000300 00
445014FFF 05 3 905000000300 21
445088FFF 05 3 905000000300 21
450512FFF 05 0 805000000300 41
450586FFF 05 0 805000000300 41
450605FFF 05 3 805000000300 00
450606FFF 05 3 905000000300 21
450647FFF 05 3 905000000300 21
450788FFF 05 3 805000000300 21
450949FFF 05 3 905000000300 21
451804FFF 19 0 805000000300 31
451810FFF 19 0 805000000300 31
451811FFF 19 0 805000000300 31
452478FFF 05 0 805000000300 00
452479FFF 05 3 905000000300 21
452480FFF 05 3 805000000300 21
452481FFF 05 3 005000000300 00
452482FFF 05 3 805000000300 00
453030FFF 05 3 805000000300 21
453150FFF 05 3 005000000300 21
453151FFF 05 3 005000000300 21
453152FFF 05 0 005000000300 00
453153FFF 05 0 005000000300 00
453154FFF 05 0 005000000300 00
453155FFF 05 0 005000000300 00
453224FFF 05 3 805000000300 21
453242FFF 19 0 805000000300 31
453751FFF 05 0 805000000300 21
453767FFF 05 3 805000000300 21
454605FFF 05 0 805000000300 21
455427FFF 05 3 805000000300 00
455701FFF 05 3 905000000300 21
455702FFF 05 3 905000000300 21
455703FFF 05 3 905000000300 21
455704FFF 05 0 805000000300 21
455937FFF 00 0 005000000300 00
456004FFF 05 3 805000000300 21
4560400FF 05 0 805000000300 00
456061FFF 05 3 805000000300 21
456075FFF 05 3 905000000300 21
456351FFF 19 0 805000000300 31
456403FFF 05 3 805000000300 21
45640400F 05 0 905000000300 41
456404FFF 05 0 005000000300 00
456409FFF 05 3 805000000300 21
456430FFF 05 3 905000000300 21
456432FFF 05 3 905000000300 21
456436FFF 05 3 905000000300 21
456438FFF 05 3 905000000300 21
456441FFF 05 3 905000000300 21
4564428FF 05 0 005000000300 00
456442FFF 05 3 805000000300 21
456443FFF 05 3 905000000300 21
456444FFF 05 3 905000000300 00
456448FFF 05 0 905000000300 21
456450FFF 05 3 905000000300 21
456453FFF 05 0 805000000300 41
456457FFF 05 3 905000000300 21
456461FFF 05 3 905000000300 21
456462FFF 05 3 905000000300 21
456463FFF 05 3 905000000300 21
456464FFF 05 3 905000000300 21
456465FFF 05 3 905000000300 21
456466FFF 05 3 905000000300 21
456467FFF 05 3 905000000300 21
456468FFF 05 3 905000000300 21
456469FFF 05 3 905000000300 21
456471FFF 05 3 905000000300 21
456472FFF 05 3 905000000300 21
45647400F 05 3 905000000300 21
456474FFF 05 3 805000000300 21
456475FFF 05 3 905000000300 21
45647900F 05 3 905000000300 21
45647921F 05 3 905000000300 21
456479FFF 05 3 805000000300 21
456480FFF 05 3 905000000300 21
456481FFF 05 3 905000000300 00
456482FFF 05 3 905000000300 21
456483FFF 05 0 005000000300 00
456484FFF 05 0 005000000300 00
456485FFF 05 3 905000000300 21
456486FFF 05 3 805000000300 00
456487FFF 05 0 805000000300 21
456489FFF 05 3 905000000300 21
456494FFF 05 3 905000000300 21
45649500F 05 3 905000000300 21
456543FFF 05 0 005000000300 00
457067FFF 05 0 905000000300 41
457104FFF 05 0 805000000300 21
457232FFF 05 0 905000000300 21
457233FFF 05 0 905000000300 21
457244FFF 05 0 805000000300 00
45735600F 05 0 805000000300 21
457356FFF 05 0 805000000300 21
457435FFF 05 0 805000000300 41
457543FFF 05 0 805000000300 41
457544FFF 05 0 805000000300 41
457545FFF 05 0 805000000300 41
457546FFF 05 0 805000000300 41
457547FFF 05 0 805000000300 41
457730FFF 05 0 905000000300 21
457824FFF 05 0 005000000300 31
458071FFF 19 0 805000000300 31
45852406F 05 3 905000000300 21
458524FFF 05 3 805000000300 21
458594FFF 05 3 905000000300 21
458595FFF 05 3 905000000300 21
458858FFF 05 3 805000000300 21
45955100F 05 0 805000000300 41
46007800F 05 0 805000000300 41
460184FFF 05 3 905000000300 21
46019800F 05 0 805000000300 21
460198FFF 05 0 805000000300 21
461076FFF 05 0 805000230300 21
461756FFF 05 0 805000000300 41
461757FFF 05 0 805000000300 41
461949FFF 05 0 805000000300 00
461950FFF 05 0 805000000300 00
461953FFF 05 3 905000000300 21
461955FFF 05 3 905000000300 21
461956FFF 05 0 905000000300 21
461957FFF 05 3 905000000300 21
461958FFF 05 3 805000000300 00
461961FFF 05 3 905000000300 21
461963FFF 05 3 805000000300 00
461964FFF 05 3 805000000300 00
46196600F 05 0 805000000300 21
461966FFF 05 3 805000000300 00
461967FFF 05 3 905000000300 21
461970FFF 00 0 005000000300 00
461971FFF 00 0 005000000300 00
461972FFF 05 3 805000000300 00
461973FFF 05 3 905000000300 21
461974FFF 05 3 905000000300 21
461975FFF 05 3 005000000300 00
461976FFF 05 3 905000000300 21
461977FFF 05 3 805000000300 21
461979FFF 00 0 005000000300 00
462239FFF 05 3 905000000300 21
462259FFF 05 3 805000000300 00
462263FFF 05 3 905000000300 21
462480FFF 05 3 805000000300 00
462481FFF 05 3 805000000300 21
462482FFF 05 3 805000000300 21
462483FFF 05 3 805000000300 00
462485FFF 05 0 805000000300 41
46248600F 05 0 805000000300 41
462486FFF 05 0 805000000300 41
462487FFF 05 0 805000000300 41
462857FFF 05 0 805000000300 21
462867FFF 05 0 905000000300 21
46294900F 05 3 905000000300 21
462949FFF 05 3 905000000300 21
46295086F 05 0 805000000300 21
462950FFF 05 0 805000000300 21
463761FFF 05 0 805000000300 00
463776FFF 05 0 805000000300 00
463782FFF 05 0 805000000300 21
463783FFF 05 3 805000000300 21
463784FFF 05 0 805000000300 21
463796FFF 05 0 905000000300 21
463797FFF 05 0 905000000300 21
463798FFF 00 0 005000000300 00
463925FFF 05 3 805000000300 21
463978FFF 00 0 005000000300 00
464491FFF 05 0 805000000300 41
46455318F 05 3 905000000300 21
464553FFF 05 3 905000000300 21
464554FFF 05 0 805000000300 21
464555FFF 05 0 805000000300 21
464556FFF 05 0 804000000300 41
464579FFF 05 3 905000000300 21
46614400F 05 3 905000000300 21
466144FFF 05 3 905000000300 21
466168FFF 05 3 805000000300 21
466169FFF 05 3 805000000300 21
467847FFF 05 0 805000000300 41
468229FFF 05 3 805000000300 21
468524FFF 05 0 905000000300 21
468525FFF 05 0 905000000300 21
46875000F 05 0 805000000300 21
468750FFF 05 3 805000000300 00
468751FFF 05 3 805000000300 00
468752FFF 05 3 805000000300 00
468753FFF 05 0 805000000300 00
468754FFF 05 3 805000000300 00
468974FFF 05 0 805000000300 41
469354FFF 08 1 001000000300 00
469355FFF 05 0 805000000300 00
469356FFF 05 0 805000000300 00
470550FFF 05 0 805000000300 41
470551FFF 05 0 805000000300 41
470552FFF 05 0 805000000300 41
470563FFF 05 3 005000000300 00
470564FFF 05 3 805000000300 21
470565FFF 05 3 905000000300 41
470568FFF 05 3 905000000300 21
470569FFF 05 3 805000000300 00
471514FFF 05 3 905000000300 21
471527FFF 05 0 805000000300 21
471572FFF 05 3 805000000300 21
472134FFF 05 3 005000000300 21
472245FFF 05 3 005000000300 21
472248FFF 05 3 805000000300 21
472302FFF 05 0 805000000300 41
472436FFF 05 0 805000000300 21
472437FFF 05 0 805000000300 21
472477FFF 05 3 805000000300 00
472658FFF 05 3 805000000300 00
472659FFF 05 3 905000000300 00
47266000F 05 0 905000000300 21
472660FFF 05 0 905000000300 21
472678FFF 05 3 805000000300 21
472679FFF 05 3 805000000300 21
472690FFF 05 3 805000000300 21
472691FFF 05 3 805000000300 21
472693FFF 05 3 805000000300 21
472694FFF 05 3 805000000300 21
472695FFF 05 3 805000000300 21
472696FFF 05 3 805000000300 21
472697FFF 05 3 805000000300 21
473946FFF 05 0 905000000300 41
474281FFF 05 0 805000000300 41
474838FFF 05 0 805000000300 41
474839FFF 05 2 905000000300 41
474855FFF 05 0 805000000300 41
476330FFF 05 3 805000000300 21
476339FFF 05 3 805000000300 21
476357FFF 05 3 805000000300 21
47652600F 05 0 805000000300 41
476526FFF 05 0 805000000300 41
476543FFF 05 0 005000000300 41
47655000F 05 0 805000000300 41
476550FFF 05 0 805000000300 41
47663900F 05 0 805000000300 21
476639FFF 05 0 805000000300 21
477360FFF 05 3 905000000300 21
477361FFF 05 3 905000000300 21
478269FFF 05 0 805000000300 41
478279FFF 05 0 005000000300 21
478280FFF 05 0 005000000300 21
478281FFF 05 0 005000000300 21
479116FFF 05 0 005000000300 00
479943FFF 05 0 805000000300 33
480682FFF 05 0 805000000300 41
481363FFF 05 0 805000000300 21
481373FFF 05 0 805000000300 00
481374FFF 05 3 805000000300 00
481380FFF 05 0 805000000300 41
481381FFF 05 0 805000000300 41
481511FFF 05 0 805000000300 41
482883FFF 05 3 805000000300 21
482884FFF 05 3 805000000300 00
482885FFF 05 3 805000000300 21
482886FFF 05 3 805000000300 00
482887FFF 05 3 805000000300 21
482888FFF 05 3 805000000300 00
482889FFF 05 0 805000000300 00
483028FFF 05 0 805000000300 41
483440FFF 05 3 905000000300 00
483441FFF 05 3 905000000300 00
483740FFF 05 3 805000000300 21
483788FFF 05 0 905000000300 21
483789FFF 05 0 905000000300 21
483800FFF 05 1 801000000300 00
483801FFF 05 3 005000000300 00
483802FFF 05 1 801000000300 00
483803FFF 05 1 801000000300 00
483804FFF 05 3 805000000300 21
483805FFF 05 3 905000000300 21
483806FFF 05 3 005000000300 00
483807FFF 05 3 005000000300 00
483820FFF 05 3 905000000300 21
483821FFF 05 3 905000000300 00
483822FFF 05 3 905000000300 21
483823FFF 05 3 905000000300 21
483824FFF 05 3 805000000300 21
48386700F 05 3 905000000300 21
48386701F 05 0 905000000300 21
483867FFF 05 3 805000000300 21
483897FFF 05 3 905000000300 00
48389800F 05 0 805000000300 21
483898FFF 05 0 805000000300 21
48389900F 05 0 805000000300 21
48389921F 05 0 805000000300 21
483899FFF 05 0 805000000300 21
486040FFF 05 3 805000000300 21
486270FFF 05 0 805000000300 41
486271FFF 05 0 805000000300 41
486277FFF 05 0 805000000300 41
48760800F 05 0 805000000300 41
488903FFF 05 3 905000000300 21
488923FFF 05 0 805000000300 41
488949FFF 05 0 805000000300 21
488950FFF 05 3 805000000300 00
489080FFF 05 0 805000000300 41
489679FFF 05 3 805000000300 41
489981FFF 05 3 805000000300 21
489982FFF 05 3 905000000300 21
490237FFF 05 3 805000000300 11
490242FFF 05 0 805000000300 21
490276FFF 08 1 001000000300 00
490289FFF 05 3 805000000300 21
490290FFF 05 3 805000000300 21
490291FFF 05 3 805000000300 21
490292FFF 05 3 905000000300 21
490293FFF 05 3 805000000300 21
490327FFF 05 0 805000000300 21
490718FFF 05 0 805000000300 21
490925FFF 05 3 805000000300 00
491020FFF 19 0 805000000300 31
491040FFF 19 0 805000000300 31
491661FFF 05 3 905000000300 00
491662FFF 05 1 801000000300 00
49253700F 05 0 805000000300 21
493130FFF 05 3 905000000300 21
493191FFF 05 3 905000000300 21
493414FFF 05 3 905000000300 21
494005FFF 05 3 905000000300 21
494052FFF 05 3 805000000300 21
494053FFF 05 3 805000000300 21
494097FFF 05 3 905000000300 21
496629FFF 05 0 805000000300 21
496692FFF 05 3 805000000300 21
498413FFF 05 0 805000000300 21
498415FFF 05 0 805000000300 21
498416FFF 05 0 805000000300 21
498824FFF 05 0 805000000300 21
4FFFFFFFF 05 0 805000000300 41
501002FFF 08 1 001004000300 10
501007FFF 08 1 801000000300 10
501797FFF 08 1 001004000300 10
501803FFF 08 1 801000000300 10
502118FFF 08 1 805000000300 21
502119FFF 08 1 805000000300 31
502125FFF 04 1 801000000300 41
502811FFF 08 1 105000000300 21
502949FFF 18 1 805000000300 30
503513FFF 03 0 005000000300 00
503646FFF 03 0 005000000300 00
503871FFF 03 0 005000000300 00
5039469FF 08 0 005000000300 00
503946FFF 08 1 801000000300 10
503964FFF 08 1 001004000300 10
504301FFF 03 0 005000000300 00
504574FFF 08 1 801008000300 10
504897FFF 08 1 801000000300 10
507729FFF 08 1 905000000300 41
507730FFF 08 1 805000000300 41
507731FFF 08 1 905000000300 41
507732FFF 08 1 805000000300 41
507733FFF 08 1 805000000300 41
507734FFF 08 1 905000000300 41
507736FFF 08 1 805000000300 21
507737FFF 08 1 905000000300 41
50773899F 08 1 805000000300 41
507738FFF 08 1 805000000300 41
507739FFF 08 1 805000000300 41
507740FFF 08 1 805000000300 21
50FFFFFFF 08 1 805004000300 10
510067FFF 04 3 805000000300 00
511654FFF 04 0 805000000300 41
511939FFF 04 0 905000000300 21
511958FFF 04 0 805000000300 41
512127FFF 04 3 905000000300 21
512197FFF 04 2 805000000300 21
512576FFF 04 0 805000000300 21
514045FFF 04 0 805000000300 00
514107FFF 04 0 805000000300 21
514250FFF 04 3 805000000300 21
514813FFF 04 3 905000000300 21
515295FFF 04 3 805000000300 00
515486FFF 04 0 905000000300 21
516302FFF 00 0 005000000300 00
516310FFF 04 3 805000000300 21
516315FFF 04 3 805000000300 21
516319FFF 04 3 805000000300 21
516320FFF 04 3 805000000300 21
516321FFF 04 3 805000000300 21
516323FFF 04 3 805000000300 21
516324FFF 04 3 805000000300 21
516325FFF 04 3 805000000300 21
516326FFF 04 3 805000000300 21
516328FFF 04 3 805000000300 21
516329FFF 04 3 805000000300 21
516330FFF 04 3 805000000300 21
516335FFF 04 3 805000000300 21
516337FFF 04 3 805000000300 21
516339FFF 04 3 805000000300 21
516340FFF 04 3 805000000300 21
516345FFF 04 3 805000000300 21
516349FFF 04 3 805000000300 21
516350FFF 04 3 805000000300 21
516355FFF 04 3 805000000300 21
516359FFF 04 3 805000000300 21
516360FFF 04 3 805000000300 21
516361FFF 04 3 905000000300 21
516365FFF 04 3 805000000300 21
516366FFF 04 3 905000000300 21
516367FFF 04 0 905000000300 21
516368FFF 04 0 905000000300 21
516369FFF 04 3 805000000300 21
516370FFF 04 3 805000000300 21
516375FFF 04 3 805000000300 21
516379FFF 04 3 805000000300 21
516380FFF 04 3 805000000300 21
516385FFF 04 3 805000000300 21
516389FFF 04 3 805000000300 21
516390FFF 04 3 805000000300 21
516391FFF 04 3 805000000300 21
516877FFF 04 0 905000000300 21
517437FFF 04 0 905000000300 21
517443FFF 04 0 905000000300 21
517497FFF 04 3 805000000300 41
517969FFF 04 0 805000000300 21
517983FFF 04 0 805000000300 21
518049FFF 04 0 905000000300 21
518182FFF 04 3 805000000300 21
518756FFF 04 0 805000000300 21
518840FFF 04 3 805000000300 21
518868FFF 04 3 905000000300 21
519244FFF 04 3 905000000300 21
519247FFF 04 0 805000000300 41
519248FFF 04 0 805000000300 41
51FFFFFFF 04 0 805000000300 41
521729FFF 04 3 905000000300 21
521893FFF 04 0 805000000300 21
521894FFF 04 0 805000000300 21
522700FFF 04 0 804000000300 41
522723FFF 04 0 805000000300 21
522961FFF 04 3 805000000300 21
522980FFF 04 3 805000000300 21
523101FFF 04 0 805000000300 41
523120FFF 04 0 805000000300 41
523163FFF 04 0 905000000300 41
523744FFF 04 0 805000000300 41
523748FFF 04 0 805000000300 41
523900FFF 04 0 805000000300 21
523FFFFFF 04 0 805000000300 21
524014FFF 04 0 805000000300 21
524039FFF 04 0 805000000300 21
524066FFF 04 0 805000000300 21
524309FFF 04 0 805000000300 21
524443FFF 04 0 805000000300 21
524719FFF 04 0 805000000300 21
525807FFF 04 0 805000000300 21
526107FFF 04 0 805000000300 21
526124FFF 04 0 905000000300 21
526471FFF 00 0 005000000300 00
526879FFF 04 0 005000000300 21
526901FFF 04 0 005000000300 21
527263FFF 04 0 805000000300 21
527334FFF 04 0 905000000300 41
527394FFF 04 0 905000000300 21
527482FFF 04 0 905000000300 21
527486FFF 04 0 905000000300 21
527494FFF 04 0 905000000300 21
528013FFF 04 3 905000000300 21
529020FFF 04 0 E05000000300 00
529087FFF 04 0 805000000300 41
529512FFF 04 0 A05000000300 00
529515FFF 04 0 E05000000300 00
529523FFF 04 0 C05000000300 00
529529FFF 04 0 805000000300 41
529537FFF 04 0 805000000300 41
529757FFF 04 3 905000000300 21
529871FFF 04 0 905000000300 21
52FFFFFFF 04 0 805000000300 41
530040FFF 04 0 905000000300 21
530107FFF 04 0 905000000300 41
530358FFF 04 0 905000000300 21
530453FFF 04 3 805000000300 21
530842FFF 04 0 905000000300 21
531090FFF 04 0 905000000300 21
531355FFF 04 3 805000000300 00
531356FFF 04 3 805000000300 00
531357FFF 04 0 805000000300 00
531358FFF 04 3 805000000300 00
531359FFF 04 3 805000000300 00
531593FFF 04 0 905000000300 21
531683FFF 04 3 805000000300 21
532565FFF 04 0 905000000300 21
532655FFF 04 3 905000000300 21
532737FFF 04 3 905000000300 21
532766FFF 04 0 905000000300 00
532780FFF 04 0 805000000300 21
532781FFF 04 0 805000000300 00
532785FFF 04 0 805000000300 21
532981FFF 04 0 905000000300 21
532998FFF 04 0 905000000300 21
533244FFF 00 0 905000000300 21
533264FFF 04 0 905000000300 21
533265FFF 04 0 905000000300 21
533273FFF 04 0 905000000300 21
533828FFF 04 3 805000000300 00
533829FFF 04 0 805000000300 00
533830FFF 04 0 805000000300 00
533831FFF 04 0 805000000300 00
533832FFF 04 3 805000000300 00
533838FFF 04 0 805000000300 41
534276FFF 04 0 805000000300 21
534778FFF 04 0 905000000300 21
534971FFF 04 0 905000000300 21
534984FFF 04 0 905000000300 21
534985FFF 04 0 905000000300 21
534991FFF 04 0 905000000300 21
534992FFF 04 0 905000000300 21
534996FFF 04 0 905000000300 21
534997FFF 04 0 905000000300 21
535240FFF 04 0 905000000300 21
535316FFF 04 3 805000000300 21
535317FFF 04 3 805000000300 21
535318FFF 04 3 805000000300 21
535319FFF 04 0 805000000300 21
535365FFF 04 0 905000000300 21
535369FFF 04 0 905000000300 21
535371FFF 04 0 905000000300 21
535378FFF 04 0 905000000300 21
535379FFF 04 0 905000000300 21
535383FFF 04 0 905000000300 21
535388FFF 04 0 905000000300 21
535395FFF 04 0 905000000300 21
535397FFF 04 0 905000000300 21
535408FFF 04 0 905000000300 21
535412FFF 04 0 905000000300 21
535564FFF 04 0 905000000300 21
535713FFF 04 0 905000000300 21
536035FFF 04 3 805000000300 21
536036FFF 04 0 905000000300 21
536763FFF 04 0 905000000300 21
537150FFF 00 0 005000000300 00
537196FFF 04 3 905000000300 21
537839FFF 19 0 805000000300 31
538607FFF 04 0 805000000300 41
538634FFF 04 0 805000000300 41
538635FFF 04 0 805000000300 41
538636FFF 04 0 805000000300 41
538646FFF 04 0 805000000300 41
538647FFF 04 0 805000000300 41
538651FFF 04 0 805000000300 41
539013FFF 04 0 905000000300 21
53FFFFFFF 04 0 805000000300 41
540215FFF 04 3 805000000300 00
540265FFF 04 0 905000000300 21
540403FFF 04 3 905000000300 21
540409FFF 04 0 905000000300 21
540482FFF 04 3 805000000300 21
540621FFF 04 0 805000000300 21
540725FFF 04 0 905000000300 21
540765FFF 04 0 905000000300 21
540916FFF 04 0 905000000300 21
541263FFF 04 0 905000000300 21
541300FFF 04 0 905000000300 21
541400FFF 04 0 905000000300 21
541467FFF 04 0 905000000300 21
542529FFF 04 0 005000000300 00
543048FFF 04 3 805000000300 21
543049FFF 04 3 805000000300 21
543060FFF 04 0 805000000300 21
543568FFF 04 3 805000000300 21
543604FFF 04 0 805000000300 21
543793FFF 04 3 805000000300 21
544431FFF 04 0 905000000300 21
544434FFF 04 0 805000000300 21
544447FFF 04 0 805000000300 21
544637FFF 04 0 805000000300 21
544647FFF 04 0 805000000300 21
544699FFF 04 0 905000000300 21
545051FFF 04 0 905000000300 21
545371FFF 04 0 905000000300 21
545818FFF 04 3 905000000300 21
546827FFF 04 3 805000000300 00
546828FFF 04 3 805000000300 00
546971FFF 04 0 905000000300 21
547098FFF 04 0 805000000300 41
547263FFF 04 0 805000000300 21
547766FFF 19 0 805000000300 00
548171FFF 04 3 805000000300 21
548898FFF 04 0 905000000300 21
548900FFF 04 0 905000000300 21
549471FFF 04 0 E05000000300 00
549960FFF 04 0 905000000300 21
54FFFFFFF 04 0 805000000300 41
550124FFF 04 3 805000000300 41
550200FFF 04 0 805000000300 21
550201FFF 04 0 805000000300 21
550202FFF 04 0 805000000300 21
550797FFF 04 0 905000000300 21
551307FFF 04 0 905000000300 21
551344FFF 04 3 805000000300 21
551439FFF 04 3 905000000300 21
551521FFF 04 3 905000000300 21
552033FFF 04 3 805000000300 21
552060FFF 04 0 805000000300 21
552282FFF 04 3 805000000300 21
552294FFF 04 3 805000000300 21
552350FFF 04 3 805000000300 21
552351FFF 04 3 805000000300 21
552411FFF 04 3 005000000300 21
552416FFF 04 0 805000000300 21
552446FFF 04 0 005000000300 21
552638FFF 04 3 805000000300 21
553003FFF 04 0 905000000300 21
553005FFF 04 0 905000000300 21
553006FFF 04 0 905000000300 21
553205FFF 04 0 805000000300 21
553206FFF 04 0 805000000300 21
553242FFF 19 0 805000000300 31
553569FFF 04 0 905000000300 21
555001FFF 04 0 805000000300 00
555003FFF 04 3 805000000300 21
555005FFF 04 0 805000000300 21
555048FFF 04 0 805000000300 21
555223FFF 04 0 805000000300 00
555522FFF 04 3 905000000300 21
555878FFF 04 0 805000000300 21
555909FFF 04 0 805000000300 21
556050FFF 04 0 805000000300 00
556334FFF 04 0 805000000300 21
556336FFF 04 0 805000000300 21
556733FFF 04 0 805000000300 21
557045FFF 04 0 805000000300 41
558280FFF 04 0 805000000300 21
558320FFF 04 3 805000000300 21
558321FFF 04 3 805000000300 21
558388FFF 04 3 805000000300 00
558601FFF 04 3 805000000300 21
558602FFF 04 3 805000000300 21
558701FFF 04 0 805000000300 21
558850FFF 04 3 805000000300 21
559195FFF 04 0 804000000300 41
559464FFF 04 0 905000000300 21
559738FFF 04 3 905000000300 21
559739FFF 04 3 905000000300 21
559740FFF 04 3 905000000300 21
559741FFF 04 3 905000000300 21
55FFFFFFF 04 0 805000000300 41
560192FFF 08 1 001004000300 10
560220FFF 08 1 001004000300 10
56022FFFF 03 0 005000000300 00
560251FFF 08 1 801000000300 10
560253FFF 08 1 001004000300 10
560254FFF 08 1 801000000300 10
560256FFF 08 1 001004000300 10
560258FFF 08 1 801000000300 00
560260FFF 08 1 001004000300 10
560261FFF 08 1 001004000300 10
560265FFF 08 1 801000000300 10
560267FFF 08 1 805000000300 21
560273FFF 08 1 001004000300 10
560279FFF 08 1 801000000300 21
560284FFF 08 1 801000000300 10
560287FFF 10 0 005000000300 00
560298FFF 08 1 001004000300 10
560299FFF 08 1 805000000300 00
56105FFFF 03 0 005000000300 00
56FFFFFFF 08 0 005000000300 00
579876FFF 08 0 005000000300 00
579883FFF 08 1 801008000300 10
579886FFF 08 1 805000000300 10
579889FFF 04 1 805000000300 21
579891FFF 08 1 805000000300 21
579894FFF 08 1 005000000300 30
579895FFF 08 1 805000000300 10
579897FFF 04 1 805000000300 30
579898FFF 08 1 001004000300 10
579900FFF 08 1 805000000300 10
579903FFF 08 1 801000000300 10
579905FFF 08 1 805000000300 10
579908FFF 08 0 005000000300 00
579909FFF 08 0 005000000300 00
579912FFF 08 1 805000000300 10
579928FFF 08 1 805000000300 10
579930FFF 08 0 005000000300 00
579931FFF 08 1 005000000300 00
579932FFF 08 1 805000000300 21
579934FFF 08 1 805000000300 10
579935FFF 08 1 805008000300 10
579937FFF 08 1 005004000300 00
579939FFF 08 1 805000000300 00
579942FFF 08 1 805008000300 10
579972FFF 08 1 805000000300 10
579973FFF 08 1 805008000300 10
579974FFF 08 1 801000000300 10
579988FFF 08 1 805000000300 10
579989FFF 08 1 805000000300 10
579990FFF 08 1 805000000300 10
579993FFF 08 1 805000000300 10
579994FFF 08 1 805000000300 00
579995FFF 08 1 805000000300 10
579999FFF 08 1 805000000300 10
5799FFFFF 08 1 001004000300 10
581696FFF 08 1 805008000300 10
581697FFF 08 1 805008000300 10
581698FFF 08 1 805000000300 21
581699FFF 08 1 805008000300 10
581801FFF 08 1 805008000300 10
581810FFF 08 1 805008000300 10
581811FFF 08 1 805008000300 10
581812FFF 08 1 805008000300 10
581813FFF 08 1 805008000300 10
581814FFF 08 1 805008000300 10
581855FFF 08 1 805000000300 10
582013FFF 04 1 801004000300 10
584001FFF 08 1 805008000300 10
584002FFF 08 1 805008000300 10
584003FFF 08 1 805008000300 10
584004FFF 08 1 805008000300 10
584005FFF 08 1 805008000300 10
584006FFF 08 1 805008000300 10
584007FFF 08 1 805008000300 10
58400FFFF 08 1 001004000300 10
586195FFF 08 1 805008000300 10
588595FFF 08 1 801000000300 10
588670FFF 08 1 001004000300 10
588994FFF 08 1 801008000300 10
589264FFF 08 1 001004000300 10
589280FFF 08 1 001004000300 10
589536FFF 08 1 801000000300 21
589554FFF 08 1 805000000300 21
589555FFF 08 1 805000000300 21
589556FFF 08 1 001004000300 10
589649FFF 08 1 001004000300 10
589868FFF 08 1 801000000300 10
600150FFF 08 1 005004000300 31
600230FFF 00 0 005000000300 00
600260FFF 24 0 005000000300 41
600314FFF 00 0 005000000300 00
600473FFF 00 0 005000000300 00
600793FFF 08 0 005000000300 00
600894FFF 00 0 005000000300 00
6011FFFFF 02 0 805000000300 21
601335FFF 08 1 805000000300 10
601576FFF 08 1 805000000300 10
601660FFF 00 0 005000000300 00
601792FFF 08 1 005004000300 00
603798FFF 00 0 005000000300 00
603841FFF 08 1 805000000300 21
603842FFF 13 0 005000000300 00
606286FFF 00 0 005000000300 00
608025FFF 00 0 005000000300 00
6086980FF 08 1 005000000300 41
6086981FF 08 1 905000000300 31
6086982FF 08 1 905000000300 31
6086983FF 08 1 905000000300 31
6086984FF 08 1 905000000300 31
6086985FF 08 1 005000000300 41
6086986FF 08 1 905000000300 31
6086987FF 08 1 905000000300 31
6086988FF 00 1 905000000300 31
6086989FF 00 1 905000000300 31
60FFFFFFF 19 0 805000000300 31
610080FFF 00 0 005000000300 00
621293FFF 19 3 805000000300 31
621294FFF 19 3 805000000300 31
621342FFF 19 3 805000000300 31
621343FFF 19 3 805000000300 31
621364FFF 19 3 805000000300 31
621394FFF 19 3 805000000300 31
621952FFF 00 0 005000000300 00
622045FFF 08 1 805000000300 00
622078FFF 08 1 801000000300 00
627335FFF 00 0 005000000300 00
627338FFF 00 0 005000000300 00
627340FFF 00 0 005000000300 00
627341FFF 00 0 005000000300 00
627343FFF 00 0 005000000300 00
627345FFF 00 0 005000000300 00
627346FFF 00 0 005000000300 00
62760413F 00 0 005000000300 00
62760467F 00 0 005000000300 00
627794FFF 00 0 005000000300 00
627796FFF 00 0 005000000300 00
628000512 79 1 405004000300 00
628000FFF 79 1 405004000300 00
629451FFF 00 0 005000000300 00
629853FFF 00 0 005000000300 00
629924FFF 00 0 005000000300 00
62FFFFFFF 19 0 805000000300 31
636212FFF 19 0 805000000300 00
636887FFF 08 1 805008000300 10
636888FFF 08 1 805008000300 10
636889FFF 08 1 805008000300 10
636890FFF 08 1 805008000300 10
636891FFF 08 1 805008000300 10
636892FFF 08 1 805008000300 10
636893FFF 08 1 805008000300 10
636894FFF 08 1 805008000300 10
637759FFF 00 0 005000000300 00
63894700F 03 1 805000000300 31
638947FFF 03 1 805000000300 41
639213FFF 00 0 005000000300 00
639434FFF 00 0 005000000300 00
639688FFF 00 0 005000000300 00
63FFFFFFF 19 0 805000000300 31
64FFFFFFF 02 0 805000000300 21
65FFFFFFF 02 0 805000000300 21
68FFFFFFF 19 0 805000000300 31
69FFFFFFF 19 0 805000000300 31
70343010F 00 0 005000000300 00
70343030F 00 0 005000000300 00
708026FFF 00 0 005000000300 00
81FFFFFFF 19 0 805000000300 31
903600FFF 00 0 005000000300 00
903601FFF 00 0 005000000300 00
9FFFFFFFF 19 0 805000000300 31
999999999 99 9 999999999999 99
000032011 18 0 009002001861 99
